320809
318857
318853
318857
318825
318833
318829
318833
318825
318837
318829
318837
318996
318688
318680
318664
318668
318668
318672
318668
318668
318672
318676
318680
318676
318684
318676
318672
318672
318672
318676
318672
318672
318676
318676
318668
318672
318672
319228
318976
318929
318932
318932
318936
318928
318936
318932
318936
318928
318936
318952
318928
318924
318936
318924
318928
318916
318920
318920
318928
318912
318928
318752
318748
318748
318752
318752
318748
318748
318752
318752
318756
319582
318678
318678
318682
318674
318682
318674
318678
318670
318733
319191
319291
319299
319283
319295
319295
319299
319291
319303
319287
319719
319239
319243
319243
319239
319243
319243
319239
319251
319239
321343
319247
319239
319247
319235
319243
319243
319239
319239
319247
319147
319279
319283
319279
319279
319279
319279
319279
319279
319283
320111
319279
319283
319279
319279
319283
319279
319283
319275
319283
319439
319283
319287
319283
319283
319287
319295
319295
319287
319287
320275
319299
319303
319299
319299
319299
319303
319299
319299
319299
320731
319303
319299
319299
319295
319299
319295
319299
319291
319303
321035
319303
319295
319303
319291
319299
319295
319299
319291
319295
319295
319299
319291
319299
319295
319299
319291
319303
319299
319291
319295
319295
319299
319295
319295
319295
319303
319299
319295
319299
319295
319299
319295
319299
319299
319299
319291
319299
319291
319307
319295
319303
319299
319299
319295
319299
319347
319347
319339
319347
319343
319347
319339
319347
319343
319347
319339
319347
319343
319343
319323
319287
319329
319337
319345
319815
318655
318651
318659
318647
318879
318659
318651
318663
318655
320532
318588
318584
318588
318580
320044
318584
318580
318588
318576
319408
318588
318576
318584
318572
272679
270194
270914
270570
270802
270690
273680
272828
274254
272600
273600
272880
274488
274488
275700
274286
274822
274300
275092
274512
274868
276756
275864
276876
276360
282820
282856
281576
281560
282392
















235244
236443
235859
235103
250020
248546
248057
248489
248403
248308
251823
255941
261827
264032
296716
294128
294108
295710
297880
297104
297784
298372
298180
297699
297525
299598
303141
306425
277301
287965
284125
282089
283309
282221
282877
282077
282073
282077
282817
282441
283133
283001
282409
282017
283105
282033
281281
281649
281273
281305
281225
281225
282613
262765
299649
298293
299707
305459
305615
306187
281197
289705
284569
283753
299864
300037
300370
300548
306276
305766
282744
288902
296942
293042
293751
292271
293935
296379
295439
308047
316243
311703
311243
313084
312976
312604
314030
316504
321814
297984
293896
303596
300004
296176
297442
296870
268718
316494
309486
307734
308442
309910
309158
308738

46054
165677
158930
168740
169810
243531
253157
249172
249270
248730
251157
251158
251110
251018
251014
251014
251018
251030
251026
279071
277107
277203
277876
278940
281516
279792
279954
280024
280034
165570
166040
215376
247025
244733
244605
244873
245926
246086
249138
271056
270850
271416
270816
271260
272966
277756
268022
261784
260892
427062
425654
425474
425470
425702
425454
425586
425530
425526
425474






































533517
537098
546826
547308
543392
517692
517696
510012
546976
546113
546841
541669
534965
541021
540005
541585
541893
540853
548349
547705
272201
278406
296376
293346
292526
297094
296786
296994
296843
300225
301649
300605
301181
301038
300366
302830
305916
305878
305570
305730
316432
299648
299668
300145
297279
302394
285475
323012
320604
326104
424991
424590
423210
423330
420758
421102
420466
420782
420558
420890
332945
331305
325488
293222
332164
330868
330826
335762
335810
337082
481060
480240
493602
508444
483902
473942
481214
481782
508776
510446
483561
479813
480097
479697
478217
478225
478409
478425
478769
478209
285593
286304
286304
286308
286304
286304
286308
286308
286308
286308
